frame 21 30
color 255 102 0
thickness 3
path 2
4. 1. 
5. 3.

path 8
4. 1.
3. 4.
2. 6.
1. 10.
1. 13.
2. 14.
6. 14.
7. 13.

path 2
6.7 8.
7. 10.

color 0 255 0
path 8
3. 14.
2. 15.
1. 17.
1. 20.
2. 18.
3. 15.
4. 16.
5. 14.

color 255 102 0
path 2
3. 6.
4. 6.

path 2
5. 8.
6. 8.

path 2
2. 9.
3. 9.

path 2
3. 11.
4. 11.

path 2
2. 13.
3. 13.
thickness 2
color 0 0 0
path 10
5. 3.
4. 5.
5. 7.
7. 8.
8. 8.
10. 7.
9. 5.
10.7 6.
11. 5.
9. 4.

path 3
8. 4.
9. 6.
7. 8.

path 4
5. 3.
6. 1.
8. 1.
15. 2.

color 255 0 0

path 2
15. 2.
11. 5.

path 11
15. 2.
16. 2.
17. 3.
18. 2.
20. 3.
20. 6.
18. 7.
17. 6.
17. 7.
13. 7.
10. 8.

path 2
17. 6.
17. 3.

path 2
11. 5.
10. 8.

path 5
17. 7.
15. 13.
11. 12.
10. 10.
12. 11.

path 11
10. 10.
7. 13.
5. 13.
5. 12.
4. 11.
4. 10.
5. 9.
7. 10.
11. 8.
13. 9.
14. 10.

color 255 0 0
path 2
13. 9.
11. 10.5

path 2
10. 8.
9.8 8.5

color 0 0 0
path 13
11. 12.
6. 15.
5. 16.
5. 17.
11. 20.
13. 20.
12. 24.
11. 25.
9. 25.
5. 21.
4. 17.
6. 20.
10. 22.

path 2
6. 20.
10.5 21.

path 2
10. 22.
11. 20.

path 3
13. 19.
14. 21.
16. 23.

path 2
13. 20.
13.5 20.

color 255 0 0
path 4
7. 13.
8. 13.
10. 11.
10. 10.

path 2
10. 11.
11. 12.

color 0 0 0
path 5
16. 23.
20. 18.
17. 12.
16. 18.
13. 17.

path 3
15. 13.
16. 16.
15.2 17.5

path 2
16. 18.
16. 20.

path 2
12. 16.
14. 14.

path 3
13. 15.
12. 14.
9. 13.

path 3
12. 14.
12. 13.
10. 13.

path 2
11. 13.
11. 13.5

path 2
10. 13.
10. 13.2

path 2
11. 16.
9. 18.

path 2
11. 16.
12.5 17.5

color 252 15 192
path 5
12. 17.
12. 19.
11. 19.
9.5 17.5
11.5 19.5

path 2
12. 19.
12.5 19.5

path 2
12. 18.
12.5 18.5

path 2
6. 15.
7. 18.

color 0 0 0
path 3
11. 19.
11. 17.
10. 17.

path 2
9. 4.
7. 4.
